-99.970000
-99.780000
-99.610000
-99.590000
-99.510000
-99.440000
-99.380000
-98.790000
-98.450000
-98.400000
-98.270000
-97.900000
-97.430000
-97.390000
-97.320000
-97.090000
-97.050000
-96.830000
-96.760000
-96.720000
-96.610000
-96.450000
-96.410000
-96.110000
-95.870000
-95.850000
-95.790000
-95.530000
-95.310000
-95.310000
-95.190000
-95.130000
-95.030000
-95.020000
-94.730000
-94.610000
-94.480000
-94.380000
-94.290000
-94.150000
-94.150000
-94.140000
-94.040000
-93.950000
-93.760000
-93.730000
-93.670000
-93.390000
-93.010000
-92.870000
-92.840000
-92.720000
-92.670000
-92.410000
-92.360000
-92.340000
-92.130000
-91.990000
-91.990000
-91.890000
-91.300000
-91.250000
-91.130000
-91.070000
-91.040000
-90.960000
-90.830000
-90.570000
-90.540000
-90.450000
-90.430000
-90.370000
-90.360000
-90.230000
-90.220000
-90.100000
-89.970000
-89.670000
-89.550000
-89.460000
-89.150000
-89.110000
-88.870000
-88.490000
-88.330000
-88.110000
-87.890000
-87.850000
-87.760000
-87.570000
-87.470000
-87.410000
-87.300000
-87.110000
-87.000000
-86.990000
-86.970000
-86.940000
-86.810000
-86.720000
-86.340000
-86.150000
-86.140000
-85.910000
-85.770000
-85.730000
-85.610000
-85.040000
-84.980000
-84.860000
-84.830000
-84.760000
-84.620000
-84.290000
-84.270000
-84.160000
-84.160000
-83.960000
-83.770000
-83.530000
-83.170000
-83.060000
-83.050000
-82.790000
-82.500000
-82.430000
-82.370000
-82.130000
-81.560000
-81.530000
-81.240000
-80.990000
-80.900000
-80.680000
-80.670000
-79.880000
-79.840000
-79.810000
-79.710000
-79.630000
-79.510000
-79.360000
-79.250000
-79.170000
-78.790000
-78.770000
-78.720000
-78.430000
-78.350000
-78.330000
-78.260000
-78.140000
-78.140000
-78.090000
-77.670000
-77.440000
-77.400000
-77.330000
-77.150000
-76.930000
-76.820000
-76.500000
-76.320000
-76.280000
-76.010000
-75.570000
-75.520000
-75.480000
-75.450000
-75.430000
-75.200000
-75.150000
-75.040000
-74.610000
-74.570000
-74.450000
-74.440000
-74.360000
-74.190000
-74.060000
-74.050000
-73.970000
-73.790000
-73.370000
-73.120000
-73.120000
-72.860000
-72.650000
-72.260000
-71.920000
-71.810000
-71.810000
-71.670000
-71.390000
-71.360000
-71.270000
-71.090000
-70.830000
-70.220000
-70.170000
-69.980000
-69.720000
-69.620000
-69.400000
-69.220000
-69.150000
-68.920000
-68.840000
-68.820000
-68.800000
-68.700000
-68.580000
-68.560000
-68.340000
-68.210000
-67.620000
-67.620000
-67.390000
-67.300000
-67.200000
-66.270000
-65.940000
-65.880000
-65.860000
-65.520000
-65.360000
-65.290000
-65.250000
-64.980000
-64.830000
-64.530000
-64.360000
-64.260000
-64.200000
-64.090000
-64.060000
-63.980000
-63.600000
-62.910000
-62.700000
-62.250000
-62.170000
-62.150000
-62.140000
-61.960000
-61.470000
-61.450000
-61.430000
-61.310000
-61.200000
-60.580000
-60.490000
-60.480000
-60.460000
-60.300000
-60.220000
-60.160000
-60.040000
-59.940000
-59.780000
-59.620000
-59.520000
-59.510000
-59.460000
-59.290000
-59.050000
-58.510000
-58.400000
-58.350000
-58.230000
-58.100000
-57.670000
-57.570000
-57.230000
-56.790000
-56.630000
-56.560000
-56.370000
-56.160000
-55.730000
-55.590000
-55.450000
-55.370000
-55.220000
-54.840000
-54.710000
-54.620000
-54.480000
-54.480000
-53.660000
-53.290000
-53.110000
-52.880000
-52.570000
-52.360000
-52.220000
-52.110000
-51.980000
-51.970000
-51.890000
-51.450000
-51.230000
-51.170000
-50.980000
-50.680000
-50.550000
-50.050000
-49.750000
-49.710000
-49.650000
-49.460000
-49.160000
-49.120000
-49.080000
-48.960000
-48.960000
-48.950000
-48.660000
-48.590000
-48.560000
-48.460000
-48.390000
-47.840000
-47.740000
-47.360000
-46.730000
-46.680000
-46.430000
-46.360000
-46.200000
-46.100000
-46.090000
-46.060000
-46.030000
-45.890000
-45.390000
-45.270000
-44.960000
-44.830000
-44.060000
-43.890000
-43.660000
-43.430000
-43.430000
-43.270000
-43.240000
-43.190000
-43.050000
-43.010000
-42.910000
-42.700000
-42.480000
-42.480000
-42.410000
-42.280000
-42.240000
-42.230000
-42.210000
-42.070000
-42.060000
-42.020000
-42.000000
-41.930000
-41.510000
-41.270000
-41.240000
-40.950000
-40.810000
-40.730000
-40.640000
-40.620000
-40.480000
-40.440000
-40.230000
-40.120000
-39.840000
-39.760000
-39.600000
-39.590000
-39.300000
-39.180000
-38.950000
-38.940000
-38.740000
-38.260000
-37.970000
-37.920000
-37.730000
-37.480000
-37.430000
-37.200000
-37.110000
-37.050000
-36.590000
-36.250000
-36.080000
-35.770000
-35.600000
-35.420000
-35.110000
-35.110000
-34.960000
-34.890000
-34.760000
-34.760000
-34.550000
-34.400000
-34.380000
-34.100000
-34.000000
-33.500000
-33.220000
-33.220000
-32.870000
-32.870000
-32.860000
-32.630000
-32.570000
-32.310000
-32.240000
-32.060000
-31.930000
-31.740000
-31.730000
-31.700000
-31.570000
-31.490000
-31.420000
-31.340000
-31.040000
-31.020000
-31.000000
-30.930000
-30.810000
-30.470000
-29.950000
-29.950000
-29.800000
-29.790000
-29.790000
-29.560000
-29.370000
-29.340000
-29.170000
-28.970000
-28.870000
-28.770000
-28.760000
-28.510000
-28.490000
-28.380000
-28.190000
-28.070000
-27.810000
-27.790000
-27.710000
-27.630000
-27.440000
-27.400000
-27.000000
-26.940000
-26.810000
-26.570000
-26.350000
-26.100000
-26.030000
-26.030000
-25.950000
-25.580000
-25.560000
-25.260000
-24.860000
-24.590000
-24.550000
-24.360000
-24.350000
-24.240000
-24.180000
-24.090000
-24.000000
-23.970000
-23.670000
-23.550000
-23.330000
-23.280000
-23.280000
-23.110000
-22.900000
-22.460000
-22.460000
-22.330000
-22.260000
-22.190000
-21.730000
-21.630000
-21.570000
-21.380000
-21.340000
-21.310000
-21.230000
-21.180000
-21.020000
-20.850000
-20.780000
-20.750000
-20.740000
-20.570000
-20.190000
-19.780000
-19.770000
-19.580000
-19.210000
-19.100000
-19.030000
-18.860000
-18.780000
-18.530000
-18.510000
-18.500000
-18.450000
-18.430000
-18.290000
-18.010000
-18.000000
-17.990000
-17.440000
-17.340000
-17.240000
-17.060000
-16.920000
-16.910000
-16.870000
-16.440000
-16.120000
-15.930000
-15.770000
-15.550000
-15.480000
-15.460000
-15.340000
-14.900000
-14.680000
-14.150000
-13.870000
-13.770000
-13.750000
-13.720000
-13.300000
-13.280000
-13.160000
-12.460000
-12.370000
-12.250000
-12.210000
-11.890000
-11.710000
-11.290000
-10.960000
-10.480000
-10.440000
-9.960000
-9.920000
-9.750000
-9.360000
-9.020000
-8.820000
-8.770000
-8.760000
-8.410000
-8.100000
-8.090000
-8.060000
-8.050000
-7.380000
-7.050000
-6.910000
-6.900000
-6.830000
-6.560000
-6.440000
-6.390000
-6.260000
-6.250000
-6.160000
-5.660000
-5.660000
-5.600000
-5.250000
-5.070000
-4.750000
-4.690000
-4.570000
-4.490000
-4.400000
-4.250000
-4.230000
-4.220000
-4.170000
-3.820000
-3.680000
-3.680000
-3.610000
-3.500000
-2.730000
-2.590000
-2.580000
-2.380000
-2.100000
-2.030000
-1.960000
-1.740000
-1.600000
-1.540000
-1.430000
-1.400000
-1.210000
-1.010000
-0.980000
-0.650000
-0.560000
-0.400000
0.240000
0.520000
0.650000
0.720000
1.370000
1.580000
1.820000
1.890000
2.210000
2.220000
2.440000
2.480000
2.480000
2.620000
2.820000
2.830000
3.180000
3.200000
3.230000
3.350000
3.400000
3.450000
4.090000
4.240000
4.520000
4.630000
4.850000
4.910000
5.250000
5.400000
5.520000
5.780000
6.000000
6.020000
6.130000
6.470000
6.870000
7.100000
7.240000
7.640000
7.690000
7.810000
7.970000
8.020000
8.040000
8.060000
8.240000
8.290000
8.320000
8.360000
8.400000
8.440000
8.460000
8.560000
8.590000
9.000000
9.090000
9.200000
9.340000
9.350000
9.650000
9.840000
9.850000
9.920000
10.210000
10.250000
10.260000
10.260000
10.450000
10.500000
10.650000
11.250000
11.420000
11.480000
11.600000
11.880000
12.100000
12.270000
12.280000
12.560000
12.720000
13.220000
13.250000
13.340000
13.360000
13.380000
13.530000
13.670000
13.720000
13.760000
14.310000
14.320000
14.810000
14.830000
15.080000
15.210000
15.550000
15.700000
15.810000
15.940000
15.990000
16.160000
16.330000
16.400000
16.650000
16.680000
16.690000
16.850000
16.890000
17.120000
17.370000
17.390000
17.460000
17.480000
17.480000
17.560000
17.700000
18.070000
18.160000
18.220000
18.400000
18.820000
19.010000
19.060000
19.370000
19.450000
19.710000
19.710000
19.980000
20.070000
20.260000
20.400000
20.490000
20.800000
20.890000
21.070000
21.180000
21.350000
21.920000
22.040000
22.050000
22.060000
22.080000
22.120000
22.190000
22.520000
22.570000
22.640000
22.650000
22.650000
22.730000
22.740000
22.810000
22.970000
23.090000
23.130000
23.130000
23.300000
23.520000
23.980000
24.120000
24.130000
24.390000
24.840000
24.950000
24.960000
25.060000
25.240000
25.250000
25.260000
25.380000
25.440000
25.620000
25.660000
25.700000
25.880000
26.250000
26.410000
26.530000
26.780000
27.060000
27.120000
27.130000
27.510000
27.530000
27.530000
27.590000
28.310000
28.420000
28.550000
30.270000
30.810000
31.340000
31.840000
32.030000
32.350000
32.640000
32.770000
32.930000
32.970000
34.230000
34.660000
34.930000
35.740000
35.900000
35.980000
36.330000
36.380000
37.120000
37.620000
37.720000
37.820000
37.940000
38.150000
38.560000
38.710000
38.740000
39.200000
39.830000
40.070000
40.420000
40.850000
42.160000
42.300000
42.460000
42.820000
43.430000
43.700000
44.120000
44.430000
44.720000
44.740000
44.770000
45.120000
45.130000
46.490000
46.750000
46.770000
47.040000
47.060000
47.360000
47.380000
47.750000
47.770000
48.430000
48.660000
48.690000
48.860000
48.890000
49.040000
49.920000
49.940000
51.000000
51.080000
51.390000
51.490000
51.750000
51.840000
52.530000
52.590000
52.910000
53.120000
54.390000
54.420000
55.170000
56.410000
56.660000
56.930000
57.190000
57.360000
57.570000
57.800000
58.530000
59.790000
60.310000
60.570000
61.570000
61.770000
62.010000
63.150000
63.780000
63.890000
64.440000
65.700000
66.260000
66.590000
66.610000
66.760000
67.380000
68.360000
68.380000
69.290000
69.770000
70.050000
70.140000
70.180000
70.690000
70.980000
71.050000
71.400000
71.780000
72.000000
72.030000
72.300000
72.490000
72.620000
72.840000
73.130000
73.480000
73.890000
74.340000
75.280000
75.870000
76.480000
77.660000
77.660000
77.670000
77.710000
77.770000
78.140000
78.200000
78.370000
78.620000
78.660000
78.870000
78.930000
79.530000
80.420000
81.370000
81.890000
83.260000
83.550000
83.730000
83.990000
84.910000
85.150000
86.030000
86.750000
86.960000
86.990000
87.310000
87.570000
87.860000
87.890000
88.580000
88.820000
88.960000
89.310000
90.240000
90.260000
91.560000
92.210000
92.350000
92.370000
92.700000
93.070000
93.190000
93.710000
93.940000
94.000000
94.030000
94.900000
94.950000
95.120000
95.300000
95.470000
95.940000
96.050000
96.320000
96.410000
96.440000
96.610000
96.800000
97.320000
97.960000
97.980000
98.300000
98.510000
99.960000
